  -0.0085690333
   0.0048647952
   0.0038632195
   0.0165007287
   0.0141591655
   0.0010934614
  -0.0000251156
  -0.0116497739
  -0.0124187358
   0.0002780343
  -0.0020476694
   0.0170875705
   0.0118580795
   0.0125512956
   0.0126959648
  -0.0028619713
  -0.0033261432
  -0.0139415587
  -0.0137065479
  -0.0029795368
  -0.0109845370
  -0.0031994674
  -0.0124627377
  -0.0142713318
  -0.0237363071
  -0.0331179046
  -0.0312251995
  -0.0342255107
  -0.0486078528
  -0.0391153185
  -0.0262433289
  -0.0516397894
  -0.0534197226
  -0.0314885449
  -0.0367079041
  -0.0512230197
  -0.0410973640
  -0.0364909385
  -0.0340022228
  -0.0263880726
  -0.0139824226
  -0.0036435974
  -0.0090820554
  -0.0029198333
  -0.0090386066
  -0.0139291957
  -0.0126955549
  -0.0016461798
  -0.0003833112
  -0.0022747302
  -0.0030832837
  -0.0136779817
   0.0170549853
   0.0146956578
   0.0212702771
   0.0222449040
   0.0215978936
   0.0222245011
   0.0208061279
   0.0216625760
   0.0209900045
   0.0218798339
   0.0153653321
   0.0128640907
   0.0108112670
   0.0134309179
   0.0083597436
   0.0207817257
   0.0194113847
   0.0188701818
   0.0171320182
   0.0195276111
   0.0187973827
   0.0185351683
   0.0173550423
   0.0121019929
   0.0085934587
   0.0078105938
   0.0041138963
   0.0147409123
   0.0111892250
   0.0029207373
  -0.0177492816
   0.0142361624
   0.0110734312
   0.0027660272
  -0.0187442377
   0.0065988850
   0.0037510807
  -0.0132131667
   0.0072868259
  -0.0004984716
   0.0138085049
   0.0199365658
  -0.0008465296
   0.0096580958
   0.0136806909
   0.0181013143
  -0.0007935524
   0.0097587754
   0.0071747514
  -0.0003636407
   0.0122353306
   0.0124470994
   0.0183479949
   0.0193644963
   0.0198637336
   0.0169764700
   0.0182842300
   0.0189687646
   0.0188555457
   0.0178142673
   0.0118560144
   0.0106464474
  -0.0071609372
   0.0023819494
   0.0016789586
   0.0097734475
   0.0110203380
   0.0078324767
  -0.0006796377
  -0.0014880316
  -0.0098326525
  -0.0098141808
  -0.0008191275
  -0.0028078032
   0.0104301155
   0.0054607310
   0.0067322251
  -0.0032768248
  -0.0040568663
  -0.0113302753
  -0.0125833177
  -0.0047885879
  -0.0112233421
   0.0060278229
   0.0049481693
  -0.0052106500
  -0.0127581529
  -0.0133355766
  -0.0196032406
  -0.0251566074
  -0.0240857582
  -0.0260836560
  -0.0347561568
  -0.0290587662
  -0.0284418780
  -0.0402006859
  -0.0374461293
  -0.0205694953
  -0.0292984176
  -0.0410922737
  -0.0382092348
  -0.0209206274
  -0.0281619123
  -0.0369165589
  -0.0307230557
  -0.0275459219
  -0.0260763620
  -0.0213946476
  -0.0128435836
  -0.0051974154
  -0.0098770226
   0.0054273043
  -0.0047912635
  -0.0151004069
  -0.0102080294
  -0.0130270615
  -0.0100552789
  -0.0024700669
  -0.0013040480
  -0.0088928750
   0.0102416473
   0.0071860401
  -0.0031579622
  -0.0033908186
  -0.0110916748
   0.0122568325
   0.0119482754
   0.0163591340
   0.0171182419
   0.0169926195
   0.0163238200
   0.0185310067
   0.0182577805
   0.0184287906
   0.0181659526
   0.0193798893
   0.0157123760
   0.0163263782
   0.0161471133
   0.0154559225
   0.0106342011
   0.0101860277
   0.0092677440
   0.0078853314
   0.0166524512
   0.0148723167
   0.0144443690
   0.0131778302
   0.0117938174
   0.0176843334
   0.0162585817
   0.0158027906
   0.0149711902
   0.0155333596
   0.0138215123
   0.0138145582
   0.0129535222
   0.0128103353
   0.0076366534
   0.0070650859
   0.0033451753
  -0.0026701299
   0.0118953151
   0.0087881513
   0.0045533439
  -0.0044536478
   0.0138456895
   0.0104811618
   0.0069059778
  -0.0000069436
  -0.0146711992
   0.0105277172
   0.0083933508
   0.0043244569
  -0.0049466032
   0.0027219539
  -0.0033353065
   0.0034073927
  -0.0014932167
   0.0094283305
   0.0129539448
  -0.0176652197
  -0.0014974471
   0.0058830994
   0.0114037243
   0.0159150102
  -0.0085013334
   0.0027898827
   0.0083049135
   0.0091901062
   0.0113244237
  -0.0181256263
  -0.0014737916
   0.0059314881
   0.0032520134
  -0.0014718062
   0.0081730015
   0.0089075101
   0.0134861130
   0.0145209992
   0.0150339488
   0.0118678214
   0.0152529814
   0.0159959097
   0.0164611287
   0.0192208196
   0.0148821871
   0.0133852464
   0.0139936754
   0.0138613046
   0.0126898401
   0.0077381984
   0.0074825657
  -0.0056051468
   0.0014021822
   0.0008987737
   0.0064178653
   0.0074199783
   0.0131874245
   0.0070336397
   0.0072827336
   0.0047641807
  -0.0011329451
  -0.0017202942
  -0.0079254463
  -0.0075837380
  -0.0008982872
  -0.0026532721
   0.0069648807
   0.0024533261
   0.0126073040
   0.0040153003
   0.0049327335
   0.0044381631
  -0.0029220238
  -0.0038596851
  -0.0090689192
  -0.0109322682
  -0.0051475578
  -0.0103582090
   0.0026763417
  -0.0060243879
   0.0017643559
  -0.0057314778
  -0.0117999399
  -0.0117911902
  -0.0161992890
  -0.0197073115
  -0.0190510010
  -0.0204584412
  -0.0259594903
  -0.0223652476
  -0.0220696336
  -0.0301406311
  -0.0282720178
  -0.0169456460
  -0.0183067686
  -0.0300106244
  -0.0326242882
  -0.0260364252
  -0.0231314406
  -0.0312287533
  -0.0292025263
  -0.0174194878
  -0.0221406793
  -0.0276779679
  -0.0237181026
  -0.0214740540
  -0.0205384684
  -0.0174791353
  -0.0111695332
  -0.0053659199
  -0.0093937069
   0.0021489036
  -0.0085488983
   0.0021939306
  -0.0052526770
  -0.0128601475
  -0.0098823891
  -0.0115198985
  -0.0077903797
  -0.0023600424
  -0.0012515331
  -0.0076049035
   0.0068580505
   0.0044851191
   0.0044127058
  -0.0030871158
  -0.0029608155
  -0.0088565505
   0.0102061781
   0.0099508582
   0.0139559735
   0.0143271795
   0.0144050852
   0.0140909713
   0.0162770658
   0.0154238328
   0.0154871564
   0.0154190110
   0.0159701085
   0.0134355532
   0.0136683521
   0.0136960440
   0.0133368871
   0.0087731483
   0.0083783370
   0.0077302924
   0.0063394281
   0.0130464728
   0.0122559605
   0.0114417389
   0.0102559090
   0.0167685959
   0.0140318468
   0.0133357291
   0.0126992941
   0.0123239304
   0.0119307070
   0.0115934142
   0.0110672055
   0.0103895415
   0.0062805707
   0.0056063955
   0.0019817083
  -0.0038985884
   0.0082304053
   0.0052105762
   0.0001864444
  -0.0097330750
   0.0096981676
   0.0068018383
   0.0026368101
  -0.0050858562
   0.0075674093
   0.0049140470
  -0.0001175924
  -0.0104807820
   0.0013291805
  -0.0046253533
   0.0020962710
  -0.0027593422
   0.0075340297
  -0.0131185764
  -0.0014567552
   0.0043134010
   0.0092656216
  -0.0067493071
   0.0017881011
   0.0063201968
   0.0072549956
  -0.0134099161
  -0.0014776226
   0.0042883115
   0.0018771632
  -0.0028402381
   0.0066089114
   0.0074810031
   0.0111084128
   0.0120566658
   0.0127856099
   0.0099010068
   0.0126010786
   0.0132600348
   0.0138898350
   0.0160424560
   0.0124000708
   0.0110228912
   0.0116196358
   0.0118666186
   0.0105278531
   0.0062066660
   0.0061855900
  -0.0043539055
   0.0009442395
   0.0005762045
   0.0045466620
   0.0069939871
   0.0072942043
   0.0053299546
   0.0098724119
   0.0098382513
   0.0048207316
   0.0049860745
   0.0031099370
  -0.0011868417
  -0.0016246992
  -0.0063866625
  -0.0059354577
  -0.0007825683
  -0.0023556439
  -0.0105074174
   0.0049772353
   0.0049549257
   0.0037220503
   0.0009004959
   0.0067471933
   0.0025847512
   0.0031471159
   0.0025426384
  -0.0025097360
  -0.0035166110
  -0.0073707034
  -0.0093710375
  -0.0050097916
  -0.0092597931
   0.0008974600
  -0.0010439968
  -0.0064703344
   0.0067110433
   0.0058856641
   0.0000616015
  -0.0015276013
  -0.0073640150
  -0.0068264014
  -0.0057000050
  -0.0105724404
  -0.0102747667
  -0.0134938719
  -0.0158586302
  -0.0154300398
  -0.0164653375
  -0.0201313203
  -0.0177506748
  -0.0202252799
  -0.0236025207
  -0.0208872842
  -0.0186693145
  -0.0250056349
  -0.0251445351
  -0.0190922610
  -0.0190601363
  -0.0253990069
  -0.0255009885
  -0.0193465776
  -0.0212797307
  -0.0246286695
  -0.0217318728
  -0.0178312255
  -0.0215039597
  -0.0188548694
  -0.0172159948
  -0.0165841130
  -0.0144674878
  -0.0095820143
  -0.0051063490
  -0.0085566559
   0.0004102707
  -0.0083694754
  -0.0021202498
   0.0062317487
   0.0003171504
  -0.0087959704
  -0.0019809848
  -0.0052147824
  -0.0107576999
  -0.0091118214
  -0.0100397130
  -0.0061115902
  -0.0020974003
  -0.0010392503
  -0.0064146674
   0.0029727010
   0.0045985767
   0.0049069329
  -0.0001773390
   0.0062605633
   0.0025505327
   0.0033958998
   0.0029144809
  -0.0028465172
  -0.0024997469
  -0.0071837866
   0.0079929820
   0.0077684408
   0.0110897680
   0.0115916655
   0.0116664019
   0.0113035704
   0.0141483902
   0.0132255226
   0.0132008872
   0.0131964824
   0.0134070912
   0.0140646555
   0.0130099249
   0.0129536010
   0.0129342319
   0.0131374502
   0.0104331609
   0.0108451313
   0.0108673234
   0.0104251926
   0.0057929684
   0.0103719602
   0.0096941104
   0.0088668556
   0.0075654956
   0.0125645994
   0.0114907206
   0.0108547850
   0.0102289806
   0.0103304081
   0.0121478207
   0.0112281479
   0.0106864291
   0.0101828844
   0.0106265139
   0.0091385780
   0.0089406381
   0.0084224449
   0.0075962471
   0.0057437079
   0.0030436993
  -0.0014367418
  -0.0097256734
   0.0095256514
   0.0065161592
   0.0035928746
  -0.0009300714
  -0.0090045069
   0.0090506545
   0.0063265003
   0.0034729020
  -0.0010718178
  -0.0092997004
   0.0050009281
   0.0026463095
  -0.0018573914
  -0.0106141820
  -0.0004401381
   0.0051185860
  -0.0029026928
   0.0021948055
   0.0074856697
  -0.0054059139
   0.0010198573
   0.0047666181
   0.0073306155
  -0.0054544327
   0.0010048893
   0.0047269036
   0.0047873386
  -0.0128665402
  -0.0029941779
   0.0021062312
  -0.0040144741
   0.0047401524
   0.0085242683
   0.0094800927
   0.0101757195
   0.0070873815
   0.0104109508
   0.0110704623
   0.0117736133
   0.0134472706
   0.0100358545
   0.0103897326
   0.0109306005
   0.0115030197
   0.0128906950
   0.0102521089
   0.0083930829
   0.0089730784
   0.0091571789
   0.0076147141
